36.83	35.69	34.56	33.43	32.29	31.16	30.03	28.90	27.76	26.63	25.50	24.36	23.23	22.10	20.96	19.83	18.70	17.56	16.43	15.30
36.75	35.62	34.49	33.35	32.22	31.09	29.95	28.82	27.69	26.55	25.42	24.29	23.16	22.02	20.89	19.76	18.62	17.49	16.36	15.22
36.68	35.54	34.41	33.28	32.14	31.01	29.88	28.75	27.61	26.48	25.35	24.21	23.08	21.95	20.81	19.68	18.55	17.41	16.28	15.15
36.60	35.47	34.34	33.20	32.07	30.94	29.80	28.67	27.54	26.40	25.27	24.14	23.00	21.87	20.74	19.61	18.47	17.34	16.21	15.07
36.53	35.39	34.26	33.13	31.99	30.86	29.73	28.60	27.46	26.33	25.20	24.06	22.93	21.80	20.66	19.53	18.40	17.26	16.13	15.00
36.45	35.32	34.19	33.05	31.92	30.79	29.65	28.52	27.39	26.25	25.12	23.99	22.85	21.72	20.59	19.45	18.32	17.19	16.05	14.92
36.38	35.24	34.11	32.98	31.84	30.71	29.58	28.45	27.31	26.18	25.05	23.91	22.78	21.65	20.51	19.38	18.25	17.11	15.98	14.85
36.30	35.17	34.04	32.90	31.77	30.64	29.50	28.37	27.24	26.10	24.97	23.84	22.70	21.57	20.44	19.30	18.17	17.04	15.90	14.77
36.23	35.09	33.96	32.83	31.69	30.56	29.43	28.29	27.16	26.03	24.89	23.76	22.63	21.50	20.36	19.23	18.10	16.96	15.83	14.70
36.15	35.02	33.89	32.75	31.62	30.49	29.35	28.22	27.09	25.95	24.82	23.69	22.55	21.42	20.29	19.15	18.02	16.89	15.75	14.62
36.08	34.94	33.81	32.68	31.54	30.41	29.28	28.14	27.01	25.88	24.74	23.61	22.48	21.34	20.21	19.08	17.94	16.81	15.68	14.55
36.00	34.87	33.74	32.60	31.47	30.34	29.20	28.07	26.94	25.80	24.67	23.54	22.40	21.27	20.14	19.00	17.87	16.74	15.60	14.47
35.93	34.79	33.66	32.53	31.39	30.26	29.13	27.99	26.86	25.73	24.59	23.46	22.33	21.19	20.06	18.93	17.79	16.66	15.53	14.39
35.85	34.72	33.58	32.45	31.32	30.18	29.05	27.92	26.79	25.65	24.52	23.39	22.25	21.12	19.99	18.85	17.72	16.59	15.45	14.32
35.78	34.64	33.51	32.38	31.24	30.11	28.98	27.84	26.71	25.58	24.44	23.31	22.18	21.04	19.91	18.78	17.64	16.51	15.38	14.24
35.70	34.57	33.43	32.30	31.17	30.03	28.90	27.77	26.63	25.50	24.37	23.23	22.10	20.97	19.84	18.70	17.57	16.44	15.30	14.17
35.63	34.49	33.36	32.23	31.09	29.96	28.83	27.69	26.56	25.43	24.29	23.16	22.03	20.89	19.76	18.63	17.49	16.36	15.23	14.09
35.55	34.42	33.28	32.15	31.02	29.88	28.75	27.62	26.48	25.35	24.22	23.08	21.95	20.82	19.68	18.55	17.42	16.29	15.15	14.02
35.47	34.34	33.21	32.07	30.94	29.81	28.68	27.54	26.41	25.28	24.14	23.01	21.88	20.74	19.61	18.48	17.34	16.21	15.08	13.94
35.40	34.27	33.13	32.00	30.87	29.73	28.60	27.47	26.33	25.20	24.07	22.93	21.80	20.67	19.53	18.40	17.27	16.14	15.00	13.87
35.32	34.19	33.06	31.92	30.79	29.66	28.52	27.39	26.26	25.12	23.99	22.86	21.73	20.59	19.46	18.33	17.19	16.06	14.93	13.79
35.25	34.12	32.98	31.85	30.72	29.58	28.45	27.32	26.18	25.05	23.92	22.78	21.65	20.52	19.38	18.25	17.12	15.99	14.85	13.72
35.17	34.04	32.91	31.77	30.64	29.51	28.37	27.24	26.11	24.97	23.84	22.71	21.58	20.44	19.31	18.18	17.04	15.91	14.78	13.64
35.10	33.97	32.83	31.70	30.57	29.43	28.30	27.17	26.03	24.90	23.77	22.63	21.50	20.37	19.23	18.10	16.97	15.83	14.70	13.57
35.02	33.89	32.76	31.62	30.49	29.36	28.22	27.09	25.96	24.82	23.69	22.56	21.43	20.29	19.16	18.03	16.89	15.76	14.63	13.49
34.95	33.81	32.68	31.55	30.41	29.28	28.15	27.02	25.88	24.75	23.62	22.48	21.35	20.22	19.08	17.95	16.82	15.68	14.55	13.42
34.87	33.74	32.61	31.47	30.34	29.21	28.07	26.94	25.81	24.67	23.54	22.41	21.28	20.14	19.01	17.88	16.74	15.61	14.48	13.34
34.80	33.66	32.53	31.40	30.26	29.13	28.00	26.87	25.73	24.60	23.47	22.33	21.20	20.07	18.93	17.80	16.67	15.53	14.40	13.27
34.72	33.59	32.46	31.32	30.19	29.06	27.92	26.79	25.66	24.52	23.39	22.26	21.12	19.99	18.86	17.73	16.59	15.46	14.33	13.19
34.65	33.51	32.38	31.25	30.11	28.98	27.85	26.72	25.58	24.45	23.32	22.18	21.05	19.92	18.78	17.65	16.52	15.38	14.25	13.12
34.57	33.44	32.31	31.17	30.04	28.91	27.77	26.64	25.51	24.37	23.24	22.11	20.97	19.84	18.71	17.57	16.44	15.31	14.17	13.04
34.50	33.36	32.23	31.10	29.96	28.83	27.70	26.57	25.43	24.30	23.17	22.03	20.90	19.77	18.63	17.50	16.37	15.23	14.10	12.97
34.42	33.29	32.16	31.02	29.89	28.76	27.62	26.49	25.36	24.22	23.09	21.96	20.82	19.69	18.56	17.42	16.29	15.16	14.02	12.89
34.35	33.21	32.08	30.95	29.81	28.68	27.55	26.41	25.28	24.15	23.01	21.88	20.75	19.62	18.48	17.35	16.22	15.08	13.95	12.82
34.27	33.14	32.01	30.87	29.74	28.61	27.47	26.34	25.21	24.07	22.94	21.81	20.67	19.54	18.41	17.27	16.14	15.01	13.87	12.74
34.20	33.06	31.93	30.80	29.66	28.53	27.40	26.26	25.13	24.00	22.86	21.73	20.60	19.46	18.33	17.20	16.06	14.93	13.80	12.67
34.12	32.99	31.86	30.72	29.59	28.46	27.32	26.19	25.06	23.92	22.79	21.66	20.52	19.39	18.26	17.12	15.99	14.86	13.72	12.59
34.05	32.91	31.78	30.65	29.51	28.38	27.25	26.11	24.98	23.85	22.71	21.58	20.45	19.31	18.18	17.05	15.91	14.78	13.65	12.51
33.97	32.84	31.70	30.57	29.44	28.30	27.17	26.04	24.91	23.77	22.64	21.51	20.37	19.24	18.11	16.97	15.84	14.71	13.57	12.44
33.90	32.76	31.63	30.50	29.36	28.23	27.10	25.96	24.83	23.70	22.56	21.43	20.30	19.16	18.03	16.90	15.76	14.63	13.50	12.36
33.82	32.69	31.55	30.42	29.29	28.15	27.02	25.89	24.75	23.62	22.49	21.35	20.22	19.09	17.96	16.82	15.69	14.56	13.42	12.29
33.75	32.61	31.48	30.35	29.21	28.08	26.95	25.81	24.68	23.55	22.41	21.28	20.15	19.01	17.88	16.75	15.61	14.48	13.35	12.21
33.67	32.54	31.40	30.27	29.14	28.00	26.87	25.74	24.60	23.47	22.34	21.20	20.07	18.94	17.80	16.67	15.54	14.41	13.27	12.14
33.59	32.46	31.33	30.19	29.06	27.93	26.80	25.66	24.53	23.40	22.26	21.13	20.00	18.86	17.73	16.60	15.46	14.33	13.20	12.06
33.52	32.39	31.25	30.12	28.99	27.85	26.72	25.59	24.45	23.32	22.19	21.05	19.92	18.79	17.65	16.52	15.39	14.26	13.12	11.99
33.44	32.31	31.18	30.04	28.91	27.78	26.64	25.51	24.38	23.24	22.11	20.98	19.85	18.71	17.58	16.45	15.31	14.18	13.05	11.91
33.37	32.24	31.10	29.97	28.84	27.70	26.57	25.44	24.30	23.17	22.04	20.90	19.77	18.64	17.50	16.37	15.24	14.11	12.97	11.84
33.29	32.16	31.03	29.89	28.76	27.63	26.49	25.36	24.23	23.09	21.96	20.83	19.70	18.56	17.43	16.30	15.16	14.03	12.90	11.76
33.22	32.09	30.95	29.82	28.69	27.55	26.42	25.29	24.15	23.02	21.89	20.75	19.62	18.49	17.35	16.22	15.09	13.95	12.82	11.69
33.14	32.01	30.88	29.74	28.61	27.48	26.34	25.21	24.08	22.94	21.81	20.68	19.55	18.41	17.28	16.15	15.01	13.88	12.75	11.61
33.07	31.93	30.80	29.67	28.53	27.40	26.27	25.14	24.00	22.87	21.74	20.60	19.47	18.34	17.20	16.07	14.94	13.80	12.67	11.54
32.99	31.86	30.73	29.59	28.46	27.33	26.19	25.06	23.93	22.79	21.66	20.53	19.40	18.26	17.13	16.00	14.86	13.73	12.60	11.46
32.92	31.78	30.65	29.52	28.38	27.25	26.12	24.99	23.85	22.72	21.59	20.45	19.32	18.19	17.05	15.92	14.79	13.65	12.52	11.39
32.84	31.71	30.58	29.44	28.31	27.18	26.04	24.91	23.78	22.64	21.51	20.38	19.24	18.11	16.98	15.85	14.71	13.58	12.45	11.31
32.77	31.63	30.50	29.37	28.23	27.10	25.97	24.84	23.70	22.57	21.44	20.30	19.17	18.04	16.90	15.77	14.64	13.50	12.37	11.24
32.69	31.56	30.43	29.29	28.16	27.03	25.89	24.76	23.63	22.49	21.36	20.23	19.09	17.96	16.83	15.69	14.56	13.43	12.29	11.16
32.62	31.48	30.35	29.22	28.08	26.95	25.82	24.69	23.55	22.42	21.29	20.15	19.02	17.89	16.75	15.62	14.49	13.35	12.22	11.09
32.54	31.41	30.28	29.14	28.01	26.88	25.74	24.61	23.48	22.34	21.21	20.08	18.94	17.81	16.68	15.54	14.41	13.28	12.14	11.01
32.47	31.33	30.20	29.07	27.93	26.80	25.67	24.53	23.40	22.27	21.13	20.00	18.87	17.74	16.60	15.47	14.34	13.20	12.07	10.94
32.39	31.26	30.13	28.99	27.86	26.73	25.59	24.46	23.33	22.19	21.06	19.93	18.79	17.66	16.53	15.39	14.26	13.13	11.99	10.86
32.32	31.18	30.05	28.92	27.78	26.65	25.52	24.38	23.25	22.12	20.98	19.85	18.72	17.58	16.45	15.32	14.18	13.05	11.92	10.79
32.24	31.11	29.98	28.84	27.71	26.58	25.44	24.31	23.18	22.04	20.91	19.78	18.64	17.51	16.38	15.24	14.11	12.98	11.84	10.71
32.17	31.03	29.90	28.77	27.63	26.50	25.37	24.23	23.10	21.97	20.83	19.70	18.57	17.43	16.30	15.17	14.03	12.90	11.77	10.63
32.09	30.96	29.82	28.69	27.56	26.42	25.29	24.16	23.03	21.89	20.76	19.63	18.49	17.36	16.23	15.09	13.96	12.83	11.69	10.56
32.02	30.88	29.75	28.62	27.48	26.35	25.22	24.08	22.95	21.82	20.68	19.55	18.42	17.28	16.15	15.02	13.88	12.75	11.62	10.48
31.94	30.81	29.67	28.54	27.41	26.27	25.14	24.01	22.87	21.74	20.61	19.47	18.34	17.21	16.08	14.94	13.81	12.68	11.54	10.41
31.87	30.73	29.60	28.47	27.33	26.20	25.07	23.93	22.80	21.67	20.53	19.40	18.27	17.13	16.00	14.87	13.73	12.60	11.47	10.33
31.79	30.66	29.52	28.39	27.26	26.12	24.99	23.86	22.72	21.59	20.46	19.32	18.19	17.06	15.92	14.79	13.66	12.53	11.39	10.26
31.71	30.58	29.45	28.31	27.18	26.05	24.92	23.78	22.65	21.52	20.38	19.25	18.12	16.98	15.85	14.72	13.58	12.45	11.32	10.18
31.64	30.51	29.37	28.24	27.11	25.97	24.84	23.71	22.57	21.44	20.31	19.17	18.04	16.91	15.77	14.64	13.51	12.38	11.24	10.11
31.56	30.43	29.30	28.16	27.03	25.90	24.76	23.63	22.50	21.36	20.23	19.10	17.97	16.83	15.70	14.57	13.43	12.30	11.17	10.03
31.49	30.36	29.22	28.09	26.96	25.82	24.69	23.56	22.42	21.29	20.16	19.02	17.89	16.76	15.62	14.49	13.36	12.23	11.09	9.96
31.41	30.28	29.15	28.01	26.88	25.75	24.61	23.48	22.35	21.21	20.08	18.95	17.82	16.68	15.55	14.42	13.28	12.15	11.02	9.88
31.34	30.21	29.07	27.94	26.81	25.67	24.54	23.41	22.27	21.14	20.01	18.87	17.74	16.61	15.47	14.34	13.21	12.07	10.94	9.81
31.26	30.13	29.00	27.86	26.73	25.60	24.46	23.33	22.20	21.06	19.93	18.80	17.67	16.53	15.40	14.27	13.13	12.00	10.87	9.73
31.19	30.05	28.92	27.79	26.65	25.52	24.39	23.26	22.12	20.99	19.86	18.72	17.59	16.46	15.32	14.19	13.06	11.92	10.79	9.66
31.11	29.98	28.85	27.71	26.58	25.45	24.31	23.18	22.05	20.91	19.78	18.65	17.52	16.38	15.25	14.12	12.98	11.85	10.72	9.58
31.04	29.90	28.77	27.64	26.50	25.37	24.24	23.11	21.97	20.84	19.71	18.57	17.44	16.31	15.17	14.04	12.91	11.77	10.64	9.51
30.96	29.83	28.70	27.56	26.43	25.30	24.16	23.03	21.90	20.76	19.63	18.50	17.36	16.23	15.10	13.97	12.83	11.70	10.57	9.43
30.89	29.75	28.62	27.49	26.35	25.22	24.09	22.96	21.82	20.69	19.56	18.42	17.29	16.16	15.02	13.89	12.76	11.62	10.49	9.36
30.81	29.68	28.55	27.41	26.28	25.15	24.01	22.88	21.75	20.61	19.48	18.35	17.21	16.08	14.95	13.81	12.68	11.55	10.41	9.28
30.74	29.60	28.47	27.34	26.20	25.07	23.94	22.81	21.67	20.54	19.41	18.27	17.14	16.01	14.87	13.74	12.61	11.47	10.34	9.21
30.66	29.53	28.40	27.26	26.13	25.00	23.86	22.73	21.60	20.46	19.33	18.20	17.06	15.93	14.80	13.66	12.53	11.40	10.26	9.13
30.59	29.45	28.32	27.19	26.05	24.92	23.79	22.65	21.52	20.39	19.25	18.12	16.99	15.86	14.72	13.59	12.46	11.32	10.19	9.06
30.51	29.38	28.25	27.11	25.98	24.85	23.71	22.58	21.45	20.31	19.18	18.05	16.91	15.78	14.65	13.51	12.38	11.25	10.11	8.98
30.44	29.30	28.17	27.04	25.90	24.77	23.64	22.50	21.37	20.24	19.10	17.97	16.84	15.70	14.57	13.44	12.30	11.17	10.04	8.91
30.36	29.23	28.10	26.96	25.83	24.70	23.56	22.43	21.30	20.16	19.03	17.90	16.76	15.63	14.50	13.36	12.23	11.10	9.96	8.83
30.29	29.15	28.02	26.89	25.75	24.62	23.49	22.35	21.22	20.09	18.95	17.82	16.69	15.55	14.42	13.29	12.15	11.02	9.89	8.75
30.21	29.08	27.94	26.81	25.68	24.54	23.41	22.28	21.15	20.01	18.88	17.75	16.61	15.48	14.35	13.21	12.08	10.95	9.81	8.68
30.14	29.00	27.87	26.74	25.60	24.47	23.34	22.20	21.07	19.94	18.80	17.67	16.54	15.40	14.27	13.14	12.00	10.87	9.74	8.60
30.06	28.93	27.79	26.66	25.53	24.39	23.26	22.13	20.99	19.86	18.73	17.59	16.46	15.33	14.20	13.06	11.93	10.80	9.66	8.53
29.99	28.85	27.72	26.59	25.45	24.32	23.19	22.05	20.92	19.79	18.65	17.52	16.39	15.25	14.12	12.99	11.85	10.72	9.59	8.45
29.91	28.78	27.64	26.51	25.38	24.24	23.11	21.98	20.84	19.71	18.58	17.44	16.31	15.18	14.04	12.91	11.78	10.65	9.51	8.38
29.83	28.70	27.57	26.43	25.30	24.17	23.04	21.90	20.77	19.64	18.50	17.37	16.24	15.10	13.97	12.84	11.70	10.57	9.44	8.30
29.76	28.63	27.49	26.36	25.23	24.09	22.96	21.83	20.69	19.56	18.43	17.29	16.16	15.03	13.89	12.76	11.63	10.50	9.36	8.23
