37.89	36.70	35.51	34.31	33.12	31.93	30.74	29.55	28.36	27.16	25.97	24.78	23.59	22.40	21.20	20.01	18.82	17.63	16.44	15.24
37.82	36.63	35.44	34.24	33.05	31.86	30.67	29.48	28.28	27.09	25.90	24.71	23.52	22.33	21.13	19.94	18.75	17.56	16.37	15.17
37.75	36.56	35.37	34.17	32.98	31.79	30.60	29.41	28.21	27.02	25.83	24.64	23.45	22.26	21.06	19.87	18.68	17.49	16.30	15.10
37.68	36.49	35.30	34.10	32.91	31.72	30.53	29.34	28.14	26.95	25.76	24.57	23.38	22.18	20.99	19.80	18.61	17.42	16.23	15.03
37.61	36.42	35.22	34.03	32.84	31.65	30.46	29.27	28.07	26.88	25.69	24.50	23.31	22.11	20.92	19.73	18.54	17.35	16.15	14.96
37.54	36.34	35.15	33.96	32.77	31.58	30.39	29.19	28.00	26.81	25.62	24.43	23.24	22.04	20.85	19.66	18.47	17.28	16.08	14.89
37.47	36.27	35.08	33.89	32.70	31.51	30.32	29.12	27.93	26.74	25.55	24.36	23.16	21.97	20.78	19.59	18.40	17.21	16.01	14.82
37.40	36.20	35.01	33.82	32.63	31.44	30.24	29.05	27.86	26.67	25.48	24.29	23.09	21.90	20.71	19.52	18.33	17.13	15.94	14.75
37.33	36.13	34.94	33.75	32.56	31.37	30.17	28.98	27.79	26.60	25.41	24.21	23.02	21.83	20.64	19.45	18.26	17.06	15.87	14.68
37.25	36.06	34.87	33.68	32.49	31.30	30.10	28.91	27.72	26.53	25.34	24.14	22.95	21.76	20.57	19.38	18.18	16.99	15.80	14.61
37.18	35.99	34.80	33.61	32.42	31.22	30.03	28.84	27.65	26.46	25.27	24.07	22.88	21.69	20.50	19.31	18.11	16.92	15.73	14.54
37.11	35.92	34.73	33.54	32.35	31.15	29.96	28.77	27.58	26.39	25.20	24.00	22.81	21.62	20.43	19.24	18.04	16.85	15.66	14.47
37.04	35.85	34.66	33.47	32.27	31.08	29.89	28.70	27.51	26.32	25.12	23.93	22.74	21.55	20.36	19.17	17.97	16.78	15.59	14.40
36.97	35.78	34.59	33.40	32.20	31.01	29.82	28.63	27.44	26.24	25.05	23.86	22.67	21.48	20.29	19.09	17.90	16.71	15.52	14.33
36.90	35.71	34.52	33.33	32.13	30.94	29.75	28.56	27.37	26.17	24.98	23.79	22.60	21.41	20.21	19.02	17.83	16.64	15.45	14.26
36.83	35.64	34.45	33.26	32.06	30.87	29.68	28.49	27.30	26.10	24.91	23.72	22.53	21.34	20.14	18.95	17.76	16.57	15.38	14.19
36.76	35.57	34.38	33.18	31.99	30.80	29.61	28.42	27.23	26.03	24.84	23.65	22.46	21.27	20.07	18.88	17.69	16.50	15.31	14.11
36.69	35.50	34.31	33.11	31.92	30.73	29.54	28.35	27.15	25.96	24.77	23.58	22.39	21.20	20.00	18.81	17.62	16.43	15.24	14.04
36.62	35.43	34.24	33.04	31.85	30.66	29.47	28.28	27.08	25.89	24.70	23.51	22.32	21.12	19.93	18.74	17.55	16.36	15.17	13.97
36.55	35.36	34.16	32.97	31.78	30.59	29.40	28.21	27.01	25.82	24.63	23.44	22.25	21.05	19.86	18.67	17.48	16.29	15.09	13.90
36.48	35.29	34.09	32.90	31.71	30.52	29.33	28.14	26.94	25.75	24.56	23.37	22.18	20.98	19.79	18.60	17.41	16.22	15.02	13.83
36.41	35.21	34.02	32.83	31.64	30.45	29.26	28.06	26.87	25.68	24.49	23.30	22.11	20.91	19.72	18.53	17.34	16.15	14.95	13.76
36.34	35.14	33.95	32.76	31.57	30.38	29.18	27.99	26.80	25.61	24.42	23.23	22.03	20.84	19.65	18.46	17.27	16.08	14.88	13.69
36.27	35.07	33.88	32.69	31.50	30.31	29.11	27.92	26.73	25.54	24.35	23.15	21.96	20.77	19.58	18.39	17.20	16.00	14.81	13.62
36.20	35.00	33.81	32.62	31.43	30.24	29.04	27.85	26.66	25.47	24.28	23.08	21.89	20.70	19.51	18.32	17.13	15.93	14.74	13.55
36.12	34.93	33.74	32.55	31.36	30.17	28.97	27.78	26.59	25.40	24.21	23.01	21.82	20.63	19.44	18.25	17.05	15.86	14.67	13.48
36.05	34.86	33.67	32.48	31.29	30.09	28.90	27.71	26.52	25.33	24.14	22.94	21.75	20.56	19.37	18.18	16.98	15.79	14.60	13.41
35.98	34.79	33.60	32.41	31.21	30.02	28.83	27.64	26.45	25.26	24.06	22.87	21.68	20.49	19.30	18.11	16.91	15.72	14.53	13.34
35.91	34.72	33.53	32.34	31.14	29.95	28.76	27.57	26.38	25.19	23.99	22.80	21.61	20.42	19.23	18.03	16.84	15.65	14.46	13.27
35.84	34.65	33.46	32.27	31.07	29.88	28.69	27.50	26.31	25.11	23.92	22.73	21.54	20.35	19.16	17.96	16.77	15.58	14.39	13.20
35.77	34.58	33.39	32.20	31.00	29.81	28.62	27.43	26.24	25.04	23.85	22.66	21.47	20.28	19.08	17.89	16.70	15.51	14.32	13.13
35.70	34.51	33.32	32.12	30.93	29.74	28.55	27.36	26.17	24.97	23.78	22.59	21.40	20.21	19.01	17.82	16.63	15.44	14.25	13.05
35.63	34.44	33.25	32.05	30.86	29.67	28.48	27.29	26.09	24.90	23.71	22.52	21.33	20.14	18.94	17.75	16.56	15.37	14.18	12.98
35.56	34.37	33.18	31.98	30.79	29.60	28.41	27.22	26.02	24.83	23.64	22.45	21.26	20.07	18.87	17.68	16.49	15.30	14.11	12.91
35.49	34.30	33.11	31.91	30.72	29.53	28.34	27.15	25.95	24.76	23.57	22.38	21.19	19.99	18.80	17.61	16.42	15.23	14.04	12.84
35.42	34.23	33.03	31.84	30.65	29.46	28.27	27.08	25.88	24.69	23.50	22.31	21.12	19.92	18.73	17.54	16.35	15.16	13.96	12.77
35.35	34.15	32.96	31.77	30.58	29.39	28.20	27.00	25.81	24.62	23.43	22.24	21.05	19.85	18.66	17.47	16.28	15.09	13.89	12.70
35.28	34.08	32.89	31.70	30.51	29.32	28.13	26.93	25.74	24.55	23.36	22.17	20.97	19.78	18.59	17.40	16.21	15.02	13.82	12.63
35.21	34.01	32.82	31.63	30.44	29.25	28.05	26.86	25.67	24.48	23.29	22.10	20.90	19.71	18.52	17.33	16.14	14.95	13.75	12.56
35.14	33.94	32.75	31.56	30.37	29.18	27.98	26.79	25.60	24.41	23.22	22.02	20.83	19.64	18.45	17.26	16.07	14.87	13.68	12.49
35.06	33.87	32.68	31.49	30.30	29.11	27.91	26.72	25.53	24.34	23.15	21.95	20.76	19.57	18.38	17.19	15.99	14.80	13.61	12.42
34.99	33.80	32.61	31.42	30.23	29.03	27.84	26.65	25.46	24.27	23.08	21.88	20.69	19.50	18.31	17.12	15.92	14.73	13.54	12.35
34.92	33.73	32.54	31.35	30.16	28.96	27.77	26.58	25.39	24.20	23.01	21.81	20.62	19.43	18.24	17.05	15.85	14.66	13.47	12.28
34.85	33.66	32.47	31.28	30.08	28.89	27.70	26.51	25.32	24.13	22.93	21.74	20.55	19.36	18.17	16.98	15.78	14.59	13.40	12.21
34.78	33.59	32.40	31.21	30.01	28.82	27.63	26.44	25.25	24.05	22.86	21.67	20.48	19.29	18.10	16.90	15.71	14.52	13.33	12.14
34.71	33.52	32.33	31.14	29.94	28.75	27.56	26.37	25.18	23.98	22.79	21.60	20.41	19.22	18.02	16.83	15.64	14.45	13.26	12.07
34.64	33.45	32.26	31.07	29.87	28.68	27.49	26.30	25.11	23.91	22.72	21.53	20.34	19.15	17.95	16.76	15.57	14.38	13.19	12.00
34.57	33.38	32.19	30.99	29.80	28.61	27.42	26.23	25.04	23.84	22.65	21.46	20.27	19.08	17.88	16.69	15.50	14.31	13.12	11.92
34.50	33.31	32.12	30.92	29.73	28.54	27.35	26.16	24.96	23.77	22.58	21.39	20.20	19.01	17.81	16.62	15.43	14.24	13.05	11.85
34.43	33.24	32.05	30.85	29.66	28.47	27.28	26.09	24.89	23.70	22.51	21.32	20.13	18.93	17.74	16.55	15.36	14.17	12.98	11.78
34.36	33.17	31.97	30.78	29.59	28.40	27.21	26.02	24.82	23.63	22.44	21.25	20.06	18.86	17.67	16.48	15.29	14.10	12.90	11.71
34.29	33.10	31.90	30.71	29.52	28.33	27.14	25.95	24.75	23.56	22.37	21.18	19.99	18.79	17.60	16.41	15.22	14.03	12.83	11.64
34.22	33.02	31.83	30.64	29.45	28.26	27.07	25.87	24.68	23.49	22.30	21.11	19.92	18.72	17.53	16.34	15.15	13.96	12.76	11.57
34.15	32.95	31.76	30.57	29.38	28.19	26.99	25.80	24.61	23.42	22.23	21.04	19.84	18.65	17.46	16.27	15.08	13.89	12.69	11.50
34.08	32.88	31.69	30.50	29.31	28.12	26.92	25.73	24.54	23.35	22.16	20.96	19.77	18.58	17.39	16.20	15.01	13.81	12.62	11.43
34.01	32.81	31.62	30.43	29.24	28.05	26.85	25.66	24.47	23.28	22.09	20.89	19.70	18.51	17.32	16.13	14.94	13.74	12.55	11.36
33.93	32.74	31.55	30.36	29.17	27.98	26.78	25.59	24.40	23.21	22.02	20.82	19.63	18.44	17.25	16.06	14.86	13.67	12.48	11.29
33.86	32.67	31.48	30.29	29.10	27.90	26.71	25.52	24.33	23.14	21.95	20.75	19.56	18.37	17.18	15.99	14.79	13.60	12.41	11.22
33.79	32.60	31.41	30.22	29.03	27.83	26.64	25.45	24.26	23.07	21.87	20.68	19.49	18.30	17.11	15.92	14.72	13.53	12.34	11.15
33.72	32.53	31.34	30.15	28.95	27.76	26.57	25.38	24.19	23.00	21.80	20.61	19.42	18.23	17.04	15.84	14.65	13.46	12.27	11.08
33.65	32.46	31.27	30.08	28.88	27.69	26.50	25.31	24.12	22.92	21.73	20.54	19.35	18.16	16.97	15.77	14.58	13.39	12.20	11.01
33.58	32.39	31.20	30.01	28.81	27.62	26.43	25.24	24.05	22.85	21.66	20.47	19.28	18.09	16.89	15.70	14.51	13.32	12.13	10.94
33.51	32.32	31.13	29.93	28.74	27.55	26.36	25.17	23.98	22.78	21.59	20.40	19.21	18.02	16.82	15.63	14.44	13.25	12.06	10.86
33.44	32.25	31.06	29.86	28.67	27.48	26.29	25.10	23.90	22.71	21.52	20.33	19.14	17.95	16.75	15.56	14.37	13.18	11.99	10.79
33.37	32.18	30.99	29.79	28.60	27.41	26.22	25.03	23.83	22.64	21.45	20.26	19.07	17.88	16.68	15.49	14.30	13.11	11.92	10.72
33.30	32.11	30.92	29.72	28.53	27.34	26.15	24.96	23.76	22.57	21.38	20.19	19.00	17.80	16.61	15.42	14.23	13.04	11.85	10.65
33.23	32.04	30.84	29.65	28.46	27.27	26.08	24.89	23.69	22.50	21.31	20.12	18.93	17.73	16.54	15.35	14.16	12.97	11.77	10.58
33.16	31.97	30.77	29.58	28.39	27.20	26.01	24.81	23.62	22.43	21.24	20.05	18.86	17.66	16.47	15.28	14.09	12.90	11.70	10.51
33.09	31.89	30.70	29.51	28.32	27.13	25.94	24.74	23.55	22.36	21.17	19.98	18.78	17.59	16.40	15.21	14.02	12.83	11.63	10.44
33.02	31.82	30.63	29.44	28.25	27.06	25.86	24.67	23.48	22.29	21.10	19.91	18.71	17.52	16.33	15.14	13.95	12.76	11.56	10.37
32.95	31.75	30.56	29.37	28.18	26.99	25.79	24.60	23.41	22.22	21.03	19.83	18.64	17.45	16.26	15.07	13.88	12.68	11.49	10.30
32.87	31.68	30.49	29.30	28.11	26.92	25.72	24.53	23.34	22.15	20.96	19.76	18.57	17.38	16.19	15.00	13.80	12.61	11.42	10.23
32.80	31.61	30.42	29.23	28.04	26.84	25.65	24.46	23.27	22.08	20.89	19.69	18.50	17.31	16.12	14.93	13.73	12.54	11.35	10.16
32.73	31.54	30.35	29.16	27.97	26.77	25.58	24.39	23.20	22.01	20.82	19.62	18.43	17.24	16.05	14.86	13.66	12.47	11.28	10.09
32.66	31.47	30.28	29.09	27.89	26.70	25.51	24.32	23.13	21.94	20.74	19.55	18.36	17.17	15.98	14.79	13.59	12.40	11.21	10.02
32.59	31.40	30.21	29.02	27.82	26.63	25.44	24.25	23.06	21.86	20.67	19.48	18.29	17.10	15.91	14.71	13.52	12.33	11.14	9.95
32.52	31.33	30.14	28.95	27.75	26.56	25.37	24.18	22.99	21.79	20.60	19.41	18.22	17.03	15.84	14.64	13.45	12.26	11.07	9.88
32.45	31.26	30.07	28.88	27.68	26.49	25.30	24.11	22.92	21.72	20.53	19.34	18.15	16.96	15.76	14.57	13.38	12.19	11.00	9.81
32.38	31.19	30.00	28.80	27.61	26.42	25.23	24.04	22.85	21.65	20.46	19.27	18.08	16.89	15.69	14.50	13.31	12.12	10.93	9.73
32.31	31.12	29.93	28.73	27.54	26.35	25.16	23.97	22.77	21.58	20.39	19.20	18.01	16.82	15.62	14.43	13.24	12.05	10.86	9.66
32.24	31.05	29.86	28.66	27.47	26.28	25.09	23.90	22.70	21.51	20.32	19.13	17.94	16.74	15.55	14.36	13.17	11.98	10.79	9.59
32.17	30.98	29.78	28.59	27.40	26.21	25.02	23.83	22.63	21.44	20.25	19.06	17.87	16.67	15.48	14.29	13.10	11.91	10.71	9.52
32.10	30.91	29.71	28.52	27.33	26.14	24.95	23.76	22.56	21.37	20.18	18.99	17.80	16.60	15.41	14.22	13.03	11.84	10.64	9.45
32.03	30.83	29.64	28.45	27.26	26.07	24.88	23.68	22.49	21.30	20.11	18.92	17.73	16.53	15.34	14.15	12.96	11.77	10.57	9.38
31.96	30.76	29.57	28.38	27.19	26.00	24.80	23.61	22.42	21.23	20.04	18.85	17.65	16.46	15.27	14.08	12.89	11.70	10.50	9.31
31.89	30.69	29.50	28.31	27.12	25.93	24.73	23.54	22.35	21.16	19.97	18.78	17.58	16.39	15.20	14.01	12.82	11.62	10.43	9.24
31.82	30.62	29.43	28.24	27.05	25.86	24.66	23.47	22.28	21.09	19.90	18.70	17.51	16.32	15.13	13.94	12.75	11.55	10.36	9.17
31.74	30.55	29.36	28.17	26.98	25.79	24.59	23.40	22.21	21.02	19.83	18.63	17.44	16.25	15.06	13.87	12.67	11.48	10.29	9.10
31.67	30.48	29.29	28.10	26.91	25.71	24.52	23.33	22.14	20.95	19.76	18.56	17.37	16.18	14.99	13.80	12.60	11.41	10.22	9.03
31.60	30.41	29.22	28.03	26.84	25.64	24.45	23.26	22.07	20.88	19.68	18.49	17.30	16.11	14.92	13.73	12.53	11.34	10.15	8.96
31.53	30.34	29.15	27.96	26.76	25.57	24.38	23.19	22.00	20.81	19.61	18.42	17.23	16.04	14.85	13.65	12.46	11.27	10.08	8.89
31.46	30.27	29.08	27.89	26.69	25.50	24.31	23.12	21.93	20.73	19.54	18.35	17.16	15.97	14.78	13.58	12.39	11.20	10.01	8.82
31.39	30.20	29.01	27.82	26.62	25.43	24.24	23.05	21.86	20.66	19.47	18.28	17.09	15.90	14.70	13.51	12.32	11.13	9.94	8.75
31.32	30.13	28.94	27.74	26.55	25.36	24.17	22.98	21.79	20.59	19.40	18.21	17.02	15.83	14.63	13.44	12.25	11.06	9.87	8.67
31.25	30.06	28.87	27.67	26.48	25.29	24.10	22.91	21.72	20.52	19.33	18.14	16.95	15.76	14.56	13.37	12.18	10.99	9.80	8.60
