38.89	37.65	36.40	35.16	33.91	32.67	31.42	30.18	28.94	27.69	26.45	25.20	23.96	22.71	21.47	20.22	18.98	17.73	16.49	15.24
38.82	37.57	36.33	35.09	33.84	32.60	31.35	30.11	28.86	27.62	26.37	25.13	23.88	22.64	21.39	20.15	18.90	17.66	16.41	15.17
38.75	37.50	36.26	35.01	33.77	32.52	31.28	30.03	28.79	27.54	26.30	25.05	23.81	22.56	21.32	20.07	18.83	17.58	16.34	15.09
38.67	37.43	36.18	34.94	33.69	32.45	31.20	29.96	28.71	27.47	26.22	24.98	23.73	22.49	21.24	20.00	18.75	17.51	16.27	15.02
38.60	37.35	36.11	34.86	33.62	32.37	31.13	29.88	28.64	27.39	26.15	24.90	23.66	22.42	21.17	19.93	18.68	17.44	16.19	14.95
38.52	37.28	36.04	34.79	33.54	32.30	31.06	29.81	28.57	27.32	26.08	24.83	23.59	22.34	21.10	19.85	18.61	17.36	16.12	14.87
38.45	37.21	35.96	34.72	33.47	32.23	30.98	29.74	28.49	27.25	26.00	24.76	23.51	22.27	21.02	19.78	18.53	17.29	16.04	14.80
38.38	37.13	35.89	34.64	33.40	32.15	30.91	29.66	28.42	27.17	25.93	24.68	23.44	22.19	20.95	19.70	18.46	17.21	15.97	14.72
38.30	37.06	35.81	34.57	33.32	32.08	30.83	29.59	28.34	27.10	25.85	24.61	23.37	22.12	20.87	19.63	18.39	17.14	15.90	14.65
38.23	36.98	35.74	34.49	33.25	32.00	30.76	29.52	28.27	27.02	25.78	24.54	23.29	22.05	20.80	19.56	18.31	17.07	15.82	14.58
38.16	36.91	35.67	34.42	33.17	31.93	30.69	29.44	28.20	26.95	25.71	24.46	23.22	21.97	20.73	19.48	18.24	16.99	15.75	14.50
38.08	36.84	35.59	34.35	33.10	31.86	30.61	29.37	28.12	26.88	25.63	24.39	23.14	21.90	20.65	19.41	18.16	16.92	15.67	14.43
38.01	36.76	35.52	34.27	33.03	31.78	30.54	29.29	28.05	26.80	25.56	24.31	23.07	21.82	20.58	19.33	18.09	16.85	15.60	14.35
37.93	36.69	35.44	34.20	32.95	31.71	30.46	29.22	27.97	26.73	25.49	24.24	23.00	21.75	20.50	19.26	18.02	16.77	15.53	14.28
37.86	36.61	35.37	34.12	32.88	31.64	30.39	29.15	27.90	26.66	25.41	24.17	22.92	21.68	20.43	19.19	17.94	16.70	15.45	14.21
37.79	36.54	35.30	34.05	32.81	31.56	30.32	29.07	27.83	26.58	25.34	24.09	22.85	21.60	20.36	19.11	17.87	16.62	15.38	14.13
37.71	36.47	35.22	33.98	32.73	31.49	30.24	29.00	27.75	26.51	25.26	24.02	22.77	21.53	20.28	19.04	17.79	16.55	15.30	14.06
37.64	36.39	35.15	33.90	32.66	31.41	30.17	28.92	27.68	26.43	25.19	23.94	22.70	21.45	20.21	18.97	17.72	16.48	15.23	13.99
37.56	36.32	35.07	33.83	32.58	31.34	30.09	28.85	27.60	26.36	25.12	23.87	22.63	21.38	20.14	18.89	17.65	16.40	15.16	13.91
37.49	36.24	35.00	33.76	32.51	31.27	30.02	28.78	27.53	26.29	25.04	23.80	22.55	21.31	20.06	18.82	17.57	16.33	15.08	13.84
37.42	36.17	34.93	33.68	32.44	31.19	29.95	28.70	27.46	26.21	24.97	23.72	22.48	21.23	19.99	18.74	17.50	16.25	15.01	13.76
37.34	36.10	34.85	33.61	32.36	31.12	29.87	28.63	27.38	26.14	24.89	23.65	22.40	21.16	19.91	18.67	17.42	16.18	14.94	13.69
37.27	36.02	34.78	33.53	32.29	31.04	29.80	28.55	27.31	26.06	24.82	23.57	22.33	21.09	19.84	18.60	17.35	16.11	14.86	13.62
37.19	35.95	34.70	33.46	32.21	30.97	29.72	28.48	27.24	25.99	24.75	23.50	22.26	21.01	19.77	18.52	17.28	16.03	14.79	13.54
37.12	35.88	34.63	33.39	32.14	30.90	29.65	28.41	27.16	25.92	24.67	23.43	22.18	20.94	19.69	18.45	17.20	15.96	14.71	13.47
37.05	35.80	34.56	33.31	32.07	30.82	29.58	28.33	27.09	25.84	24.60	23.35	22.11	20.86	19.62	18.37	17.13	15.88	14.64	13.39
36.97	35.73	34.48	33.24	31.99	30.75	29.50	28.26	27.01	25.77	24.52	23.28	22.04	20.79	19.54	18.30	17.05	15.81	14.57	13.32
36.90	35.65	34.41	33.16	31.92	30.67	29.43	28.19	26.94	25.69	24.45	23.21	21.96	20.72	19.47	18.23	16.98	15.74	14.49	13.25
36.82	35.58	34.34	33.09	31.84	30.60	29.36	28.11	26.87	25.62	24.38	23.13	21.89	20.64	19.40	18.15	16.91	15.66	14.42	13.17
36.75	35.51	34.26	33.02	31.77	30.53	29.28	28.04	26.79	25.55	24.30	23.06	21.81	20.57	19.32	18.08	16.83	15.59	14.34	13.10
36.68	35.43	34.19	32.94	31.70	30.45	29.21	27.96	26.72	25.47	24.23	22.98	21.74	20.49	19.25	18.00	16.76	15.52	14.27	13.02
36.60	35.36	34.11	32.87	31.62	30.38	29.13	27.89	26.64	25.40	24.15	22.91	21.67	20.42	19.17	17.93	16.69	15.44	14.20	12.95
36.53	35.28	34.04	32.79	31.55	30.31	29.06	27.82	26.57	25.33	24.08	22.84	21.59	20.35	19.10	17.86	16.61	15.37	14.12	12.88
36.46	35.21	33.97	32.72	31.48	30.23	28.99	27.74	26.50	25.25	24.01	22.76	21.52	20.27	19.03	17.78	16.54	15.29	14.05	12.80
36.38	35.14	33.89	32.65	31.40	30.16	28.91	27.67	26.42	25.18	23.93	22.69	21.44	20.20	18.95	17.71	16.46	15.22	13.97	12.73
36.31	35.06	33.82	32.57	31.33	30.08	28.84	27.59	26.35	25.10	23.86	22.61	21.37	20.12	18.88	17.64	16.39	15.15	13.90	12.66
36.23	34.99	33.74	32.50	31.25	30.01	28.76	27.52	26.27	25.03	23.79	22.54	21.30	20.05	18.81	17.56	16.32	15.07	13.83	12.58
36.16	34.91	33.67	32.43	31.18	29.94	28.69	27.45	26.20	24.96	23.71	22.47	21.22	19.98	18.73	17.49	16.24	15.00	13.75	12.51
36.09	34.84	33.60	32.35	31.11	29.86	28.62	27.37	26.13	24.88	23.64	22.39	21.15	19.90	18.66	17.41	16.17	14.92	13.68	12.43
36.01	34.77	33.52	32.28	31.03	29.79	28.54	27.30	26.05	24.81	23.56	22.32	21.07	19.83	18.58	17.34	16.09	14.85	13.60	12.36
35.94	34.69	33.45	32.20	30.96	29.71	28.47	27.22	25.98	24.73	23.49	22.24	21.00	19.76	18.51	17.27	16.02	14.78	13.53	12.29
35.86	34.62	33.37	32.13	30.88	29.64	28.39	27.15	25.91	24.66	23.42	22.17	20.93	19.68	18.44	17.19	15.95	14.70	13.46	12.21
35.79	34.54	33.30	32.06	30.81	29.57	28.32	27.08	25.83	24.59	23.34	22.10	20.85	19.61	18.36	17.12	15.87	14.63	13.38	12.14
35.72	34.47	33.23	31.98	30.74	29.49	28.25	27.00	25.76	24.51	23.27	22.02	20.78	19.53	18.29	17.04	15.80	14.55	13.31	12.06
35.64	34.40	33.15	31.91	30.66	29.42	28.17	26.93	25.68	24.44	23.19	21.95	20.70	19.46	18.21	16.97	15.72	14.48	13.24	11.99
35.57	34.32	33.08	31.83	30.59	29.34	28.10	26.86	25.61	24.36	23.12	21.88	20.63	19.39	18.14	16.90	15.65	14.41	13.16	11.92
35.49	34.25	33.01	31.76	30.51	29.27	28.03	26.78	25.54	24.29	23.05	21.80	20.56	19.31	18.07	16.82	15.58	14.33	13.09	11.84
35.42	34.18	32.93	31.69	30.44	29.20	27.95	26.71	25.46	24.22	22.97	21.73	20.48	19.24	17.99	16.75	15.50	14.26	13.01	11.77
35.35	34.10	32.86	31.61	30.37	29.12	27.88	26.63	25.39	24.14	22.90	21.65	20.41	19.16	17.92	16.67	15.43	14.19	12.94	11.69
35.27	34.03	32.78	31.54	30.29	29.05	27.80	26.56	25.31	24.07	22.82	21.58	20.34	19.09	17.84	16.60	15.36	14.11	12.87	11.62
35.20	33.95	32.71	31.46	30.22	28.98	27.73	26.49	25.24	23.99	22.75	21.51	20.26	19.02	17.77	16.53	15.28	14.04	12.79	11.55
35.13	33.88	32.64	31.39	30.15	28.90	27.66	26.41	25.17	23.92	22.68	21.43	20.19	18.94	17.70	16.45	15.21	13.96	12.72	11.47
35.05	33.81	32.56	31.32	30.07	28.83	27.58	26.34	25.09	23.85	22.60	21.36	20.11	18.87	17.62	16.38	15.13	13.89	12.64	11.40
34.98	33.73	32.49	31.24	30.00	28.75	27.51	26.26	25.02	23.77	22.53	21.28	20.04	18.79	17.55	16.31	15.06	13.82	12.57	11.33
34.90	33.66	32.41	31.17	29.92	28.68	27.43	26.19	24.94	23.70	22.46	21.21	19.97	18.72	17.48	16.23	14.99	13.74	12.50	11.25
34.83	33.58	32.34	31.09	29.85	28.61	27.36	26.12	24.87	23.63	22.38	21.14	19.89	18.65	17.40	16.16	14.91	13.67	12.42	11.18
34.76	33.51	32.27	31.02	29.78	28.53	27.29	26.04	24.80	23.55	22.31	21.06	19.82	18.57	17.33	16.08	14.84	13.59	12.35	11.10
34.68	33.44	32.19	30.95	29.70	28.46	27.21	25.97	24.72	23.48	22.23	20.99	19.74	18.50	17.25	16.01	14.76	13.52	12.27	11.03
34.61	33.36	32.12	30.87	29.63	28.38	27.14	25.89	24.65	23.40	22.16	20.91	19.67	18.43	17.18	15.94	14.69	13.45	12.20	10.96
34.53	33.29	32.04	30.80	29.55	28.31	27.06	25.82	24.58	23.33	22.09	20.84	19.60	18.35	17.11	15.86	14.62	13.37	12.13	10.88
34.46	33.21	31.97	30.73	29.48	28.24	26.99	25.75	24.50	23.26	22.01	20.77	19.52	18.28	17.03	15.79	14.54	13.30	12.05	10.81
34.39	33.14	31.90	30.65	29.41	28.16	26.92	25.67	24.43	23.18	21.94	20.69	19.45	18.20	16.96	15.71	14.47	13.22	11.98	10.73
34.31	33.07	31.82	30.58	29.33	28.09	26.84	25.60	24.35	23.11	21.86	20.62	19.37	18.13	16.88	15.64	14.39	13.15	11.91	10.66
34.24	32.99	31.75	30.50	29.26	28.01	26.77	25.53	24.28	23.03	21.79	20.54	19.30	18.06	16.81	15.57	14.32	13.08	11.83	10.59
34.16	32.92	31.68	30.43	29.18	27.94	26.70	25.45	24.21	22.96	21.72	20.47	19.23	17.98	16.74	15.49	14.25	13.00	11.76	10.51
34.09	32.85	31.60	30.36	29.11	27.87	26.62	25.38	24.13	22.89	21.64	20.40	19.15	17.91	16.66	15.42	14.17	12.93	11.68	10.44
34.02	32.77	31.53	30.28	29.04	27.79	26.55	25.30	24.06	22.81	21.57	20.32	19.08	17.83	16.59	15.34	14.10	12.86	11.61	10.36
33.94	32.70	31.45	30.21	28.96	27.72	26.47	25.23	23.98	22.74	21.49	20.25	19.01	17.76	16.51	15.27	14.03	12.78	11.54	10.29
33.87	32.62	31.38	30.13	28.89	27.64	26.40	25.16	23.91	22.66	21.42	20.18	18.93	17.69	16.44	15.20	13.95	12.71	11.46	10.22
33.80	32.55	31.31	30.06	28.82	27.57	26.33	25.08	23.84	22.59	21.35	20.10	18.86	17.61	16.37	15.12	13.88	12.63	11.39	10.14
33.72	32.48	31.23	29.99	28.74	27.50	26.25	25.01	23.76	22.52	21.27	20.03	18.78	17.54	16.29	15.05	13.80	12.56	11.31	10.07
33.65	32.40	31.16	29.91	28.67	27.42	26.18	24.93	23.69	22.44	21.20	19.95	18.71	17.46	16.22	14.97	13.73	12.49	11.24	9.99
33.57	32.33	31.08	29.84	28.59	27.35	26.10	24.86	23.61	22.37	21.13	19.88	18.64	17.39	16.15	14.90	13.66	12.41	11.17	9.92
33.50	32.25	31.01	29.76	28.52	27.28	26.03	24.79	23.54	22.30	21.05	19.81	18.56	17.32	16.07	14.83	13.58	12.34	11.09	9.85
33.43	32.18	30.94	29.69	28.45	27.20	25.96	24.71	23.47	22.22	20.98	19.73	18.49	17.24	16.00	14.75	13.51	12.26	11.02	9.77
33.35	32.11	30.86	29.62	28.37	27.13	25.88	24.64	23.39	22.15	20.90	19.66	18.41	17.17	15.92	14.68	13.43	12.19	10.94	9.70
33.28	32.03	30.79	29.54	28.30	27.05	25.81	24.56	23.32	22.07	20.83	19.58	18.34	17.09	15.85	14.61	13.36	12.12	10.87	9.63
33.20	31.96	30.71	29.47	28.22	26.98	25.73	24.49	23.25	22.00	20.76	19.51	18.27	17.02	15.78	14.53	13.29	12.04	10.80	9.55
33.13	31.88	30.64	29.40	28.15	26.91	25.66	24.42	23.17	21.93	20.68	19.44	18.19	16.95	15.70	14.46	13.21	11.97	10.72	9.48
33.06	31.81	30.57	29.32	28.08	26.83	25.59	24.34	23.10	21.85	20.61	19.36	18.12	16.87	15.63	14.38	13.14	11.89	10.65	9.40
32.98	31.74	30.49	29.25	28.00	26.76	25.51	24.27	23.02	21.78	20.53	19.29	18.04	16.80	15.55	14.31	13.06	11.82	10.58	9.33
32.91	31.66	30.42	29.17	27.93	26.68	25.44	24.19	22.95	21.70	20.46	19.21	17.97	16.73	15.48	14.24	12.99	11.75	10.50	9.26
32.83	31.59	30.35	29.10	27.85	26.61	25.37	24.12	22.88	21.63	20.39	19.14	17.90	16.65	15.41	14.16	12.92	11.67	10.43	9.18
32.76	31.52	30.27	29.03	27.78	26.54	25.29	24.05	22.80	21.56	20.31	19.07	17.82	16.58	15.33	14.09	12.84	11.60	10.35	9.11
32.69	31.44	30.20	28.95	27.71	26.46	25.22	23.97	22.73	21.48	20.24	18.99	17.75	16.50	15.26	14.01	12.77	11.52	10.28	9.03
32.61	31.37	30.12	28.88	27.63	26.39	25.14	23.90	22.65	21.41	20.16	18.92	17.68	16.43	15.18	13.94	12.70	11.45	10.21	8.96
32.54	31.29	30.05	28.80	27.56	26.31	25.07	23.83	22.58	21.33	20.09	18.85	17.60	16.36	15.11	13.87	12.62	11.38	10.13	8.89
32.47	31.22	29.98	28.73	27.48	26.24	25.00	23.75	22.51	21.26	20.02	18.77	17.53	16.28	15.04	13.79	12.55	11.30	10.06	8.81
32.39	31.15	29.90	28.66	27.41	26.17	24.92	23.68	22.43	21.19	19.94	18.70	17.45	16.21	14.96	13.72	12.47	11.23	9.98	8.74
32.32	31.07	29.83	28.58	27.34	26.09	24.85	23.60	22.36	21.11	19.87	18.62	17.38	16.13	14.89	13.64	12.40	11.16	9.91	8.66
32.24	31.00	29.75	28.51	27.26	26.02	24.77	23.53	22.28	21.04	19.80	18.55	17.31	16.06	14.81	13.57	12.33	11.08	9.84	8.59
32.17	30.92	29.68	28.43	27.19	25.95	24.70	23.46	22.21	20.97	19.72	18.48	17.23	15.99	14.74	13.50	12.25	11.01	9.76	8.52
32.10	30.85	29.61	28.36	27.12	25.87	24.63	23.38	22.14	20.89	19.65	18.40	17.16	15.91	14.67	13.42	12.18	10.93	9.69	8.44
32.02	30.78	29.53	28.29	27.04	25.80	24.55	23.31	22.06	20.82	19.57	18.33	17.08	15.84	14.59	13.35	12.10	10.86	9.61	8.37
31.95	30.70	29.46	28.21	26.97	25.72	24.48	23.23	21.99	20.74	19.50	18.25	17.01	15.76	14.52	13.28	12.03	10.79	9.54	8.30
